2 2 2 2 2 2 2 2 2 2 2 2 2 2 2 2 2 2 2 2 2 2 2 2 2 2 2 2 2 2 2 2 2 2 2 2 2 2 2 2 2 2 2 2 2 2 2 2 2 2 2 2 2 2 2 2 2
2 2 2 2 2 2 2 2 1 1 1 1 1 1 1 1 1 1 1 1 1 1 1 1 1 1 1 1 1 1 1 1 1 1 1 1 1 1 1 1 1 1 1 1 1 1 1 1 1 1 1 1 1 1 1 2 2
2 2 2 2 2 1 0 0 0 0 0 3 3 0 0 0 0 0 0 0 0 0 3 3 0 0 0 0 3 3 0 0 0 0 0 0 0 0 0 0 0 3 3 0 0 0 0 0 0 0 3 3 0 0 0 1 2
2 2 2 2 2 1 0 0 0 0 0 0 0 0 0 0 0 0 0 0 0 0 0 0 0 0 0 0 0 0 0 0 0 0 0 0 0 0 0 0 0 0 0 0 0 0 0 0 0 0 0 0 0 0 0 1 2
2 2 2 2 2 1 0 0 0 0 0 0 0 0 0 0 0 0 0 0 0 0 0 0 0 0 0 0 0 0 0 0 0 0 0 0 0 0 0 0 0 0 0 0 0 0 0 0 0 0 0 0 0 0 0 1 2
2 2 2 2 2 2 0 0 121 122 3 3 141 142 143 3 3 151 152 3 3 161 162 163 3 3 171 172 3 3 181 182 183 3 3 191 192 3 3 201 202 203 3 3 211 212 3 3 221 222 3 3 0 236 237 1 2
2 2 2 2 2 0 0 0 123 124 1 1 144 145 146 1 1 153 154 1 1 164 165 166 1 1 173 174 1 1 184 185 186 1 1 193 194 1 1 204 205 206 1 1 213 214 1 1 223 224 1 1 3 238 239 1 2
2 2 2 2 2 0 0 0 0 0 1 1 0 0 0 1 1 0 0 1 1 0 0 0 1 1 0 0 1 1 0 0 0 1 1 0 0 1 1 0 0 0 1 1 0 0 1 1 0 0 1 1 3 0 0 1 2
2 2 2 2 2 0 0 0 0 0 1 1 0 0 3 1 1 0 3 1 1 0 0 0 1 1 0 0 1 1 0 0 0 1 1 0 0 1 1 0 0 3 1 1 3 0 1 1 3 0 1 1 0 0 0 1 2
2 2 2 2 2 2 0 0 0 0 1 1 0 0 3 1 1 0 3 1 1 0 0 0 1 1 0 0 1 1 0 0 3 1 1 0 0 1 1 0 0 3 1 1 3 0 1 1 3 0 1 1 2 0 0 1 2
2 2 2 2 2 1 0 0 0 0 1 1 0 0 0 1 1 0 0 1 1 0 0 0 1 1 0 0 1 1 0 0 3 1 1 0 0 1 1 0 0 0 1 1 0 0 1 1 0 0 1 1 0 0 0 1 2
2 2 2 2 2 1 0 0 0 0 1 1 0 0 0 1 1 0 0 1 1 0 0 0 1 1 0 0 1 1 0 0 0 1 1 0 0 1 1 0 0 0 1 1 0 0 1 1 0 0 1 1 0 0 0 1 2
2 2 2 2 2 1 0 0 0 0 1 1 0 0 0 1 1 0 0 1 1 0 0 0 1 1 0 0 1 1 0 0 0 1 1 0 0 1 1 0 0 0 1 1 0 0 1 1 0 0 1 1 0 0 0 1 2
2 2 2 2 2 1 3 0 0 3 1 1 0 0 0 1 1 0 0 1 1 0 0 3 1 1 0 0 1 1 0 0 0 1 1 0 0 1 1 0 0 0 1 1 0 3 1 1 0 3 1 1 0 0 0 1 2
2 2 2 2 2 1 3 0 0 3 1 1 0 0 0 1 1 0 0 1 1 0 0 3 1 1 0 0 1 1 0 0 0 1 1 0 0 1 1 0 0 0 1 1 0 3 1 1 0 3 1 1 0 0 0 1 2
2 2 2 2 2 1 0 0 0 0 1 1 0 0 0 1 1 0 0 1 1 0 0 0 1 1 0 0 1 1 0 0 0 1 1 0 0 1 1 0 0 0 1 1 0 0 1 1 0 0 1 1 0 0 0 1 2
2 2 2 2 2 1 0 0 0 0 1 1 0 0 0 1 1 0 0 1 1 0 0 0 1 1 0 0 1 1 0 0 0 1 1 0 0 1 1 0 0 0 1 1 0 0 1 1 0 0 1 1 0 0 0 1 2
2 2 2 2 2 1 3 0 0 0 1 1 0 0 0 1 1 0 0 1 1 0 0 0 1 1 0 0 1 1 0 0 3 1 1 0 3 1 1 0 0 0 1 1 0 0 1 1 0 0 1 1 3 0 0 1 2
2 2 2 2 2 1 3 0 0 0 1 1 0 0 0 1 1 0 0 1 1 0 0 0 1 1 0 0 1 1 0 0 3 1 1 0 3 1 1 0 0 0 1 1 0 0 1 1 0 0 1 1 3 0 0 1 2
2 2 2 2 2 1 0 0 0 0 1 1 3 0 0 1 1 3 0 1 1 0 0 0 1 1 0 0 1 1 0 0 0 1 1 0 0 1 1 3 0 0 1 1 3 0 1 1 3 0 1 1 2 0 0 1 2
2 2 2 2 2 1 0 0 0 0 1 1 3 0 0 1 1 3 0 1 1 0 0 0 1 1 0 0 1 1 0 0 0 1 1 0 0 1 1 3 0 0 1 1 3 0 1 1 3 0 1 1 0 0 0 1 2
2 2 2 2 2 1 0 0 0 0 1 1 0 0 0 1 1 0 0 1 1 0 0 0 1 1 0 0 1 1 0 0 0 1 1 0 0 1 1 0 0 0 1 1 0 0 1 1 0 0 1 1 0 0 0 1 2
2 2 2 2 2 1 3 0 121 122 1 1 141 142 143 1 1 151 152 1 1 161 162 163 1 1 171 172 1 1 181 182 183 1 1 191 192 1 1 201 202 203 1 1 211 212 1 1 221 222 1 1 230 231 232 1 2
2 2 2 2 2 1 3 0 123 124 3 3 144 145 146 3 3 153 154 3 3 164 165 166 3 3 173 174 3 3 184 185 186 3 3 193 194 3 3 204 205 206 3 3 213 214 3 3 223 224 3 3 233 234 235 1 2
2 2 2 2 2 1 0 0 0 0 0 0 0 0 0 0 0 0 0 0 0 0 0 0 0 0 0 0 0 0 0 0 0 0 0 0 0 0 0 0 0 0 0 0 0 0 0 0 0 0 0 0 0 0 0 1 2
2 2 2 2 2 1 0 0 0 0 3 3 0 0 0 3 3 0 0 3 3 3 0 0 0 0 0 0 1 1 1 1 0 1 1 1 1 0 3 3 0 0 3 3 0 0 3 3 3 0 0 3 3 0 0 1 2
2 2 2 2 2 1 0 0 0 0 3 3 0 0 0 3 3 0 0 3 3 3 0 0 3 3 0 0 1 1 1 1 0 1 1 1 1 0 3 3 0 0 3 3 0 0 3 3 3 0 0 3 3 0 0 1 2
2 2 2 2 2 1 0 0 0 0 0 0 0 0 0 0 0 0 0 0 0 0 0 0 0 0 0 0 0 0 0 0 0 0 0 0 0 0 0 0 0 0 0 0 0 0 0 0 0 0 0 0 0 0 0 1 2
2 2 2 2 2 1 0 0 101 102 3 3 0 91 0 3 3 81 82 3 3 0 71 0 3 3 61 62 3 3 0 51 0 3 3 41 42 3 3 0 31 0 3 3 21 22 3 3 11 12 0 0 0 0 0 1 2
2 2 2 2 2 1 0 0 103 104 1 1 0 92 0 1 1 83 84 1 1 0 72 0 1 1 63 64 1 1 0 52 0 1 1 43 44 1 1 0 32 0 1 1 23 24 1 1 13 14 0 2 2 0 0 1 2
2 2 2 2 2 1 0 0 0 3 1 1 0 0 3 1 1 0 3 1 1 0 0 3 1 1 0 3 1 1 3 0 0 1 1 0 3 1 1 0 0 3 1 1 0 0 1 1 0 0 0 1 1 0 0 1 2
2 2 2 2 2 1 0 0 0 3 1 1 0 0 3 1 1 0 3 1 1 0 0 3 1 1 0 3 1 1 3 0 0 1 1 0 3 1 1 0 0 3 1 1 0 0 1 1 0 0 0 1 1 0 0 1 2
2 2 2 2 2 1 3 0 0 0 1 1 0 0 0 1 1 0 0 1 1 0 0 0 1 1 0 0 1 1 0 0 0 1 1 0 0 1 1 0 0 0 1 1 0 0 1 1 0 0 0 1 1 0 0 1 2
2 2 2 2 2 1 3 0 0 0 1 1 0 0 0 1 1 0 0 1 1 0 0 0 1 1 0 0 1 1 0 0 0 1 1 0 0 1 1 0 0 0 1 1 0 0 1 1 0 0 0 1 1 0 0 1 2
2 2 2 2 2 1 0 0 0 0 1 1 0 0 0 1 1 0 0 1 1 0 0 0 1 1 0 0 1 1 0 0 0 1 1 0 0 1 1 0 0 0 1 1 0 0 1 1 0 0 0 1 1 0 0 1 2
2 2 2 2 2 1 0 0 0 0 1 1 0 0 0 1 1 0 0 1 1 0 0 0 1 1 0 0 1 1 0 0 0 1 1 0 0 1 1 0 0 0 1 1 0 0 1 1 0 0 0 1 1 0 0 1 2
2 2 2 2 2 1 0 0 0 0 1 1 3 0 0 1 1 0 0 1 1 0 0 0 1 1 0 0 1 1 0 0 3 1 1 3 0 1 1 0 0 0 1 1 3 0 1 1 0 0 0 1 1 0 0 2 2
2 2 2 2 2 1 0 0 0 0 1 1 3 0 0 1 1 0 0 1 1 0 0 0 1 1 0 0 1 1 0 0 3 1 1 3 0 1 1 0 0 0 1 1 3 0 1 1 0 0 0 1 1 0 0 0 2
2 2 2 2 2 1 0 0 0 0 1 1 0 0 0 1 1 0 0 1 1 0 0 0 1 1 0 0 1 1 0 0 0 1 1 0 0 1 1 0 0 0 1 1 0 0 1 1 0 0 0 0 0 0 0 0 2
2 2 2 2 2 1 0 0 0 0 1 1 0 0 0 1 1 0 0 1 1 0 0 0 1 1 0 0 1 1 0 0 0 1 1 0 0 1 1 0 0 0 1 1 0 0 1 1 0 0 0 2 2 0 0 2 2
2 2 2 2 2 1 0 0 0 0 1 1 0 0 0 1 1 0 0 1 1 0 0 0 1 1 0 0 1 1 0 0 0 1 1 0 0 1 1 0 0 0 1 1 0 0 1 1 0 0 1 1 1 0 0 1 2
2 2 2 2 2 1 0 0 0 0 1 1 0 0 0 1 1 0 0 1 1 0 0 0 1 1 0 0 1 1 0 0 0 1 1 0 0 1 1 0 0 0 1 1 0 0 1 1 0 0 1 1 1 0 0 1 2
2 2 2 2 2 1 0 0 0 3 1 1 0 0 3 1 1 3 0 1 1 3 0 0 1 1 3 0 1 1 3 0 0 1 1 0 3 1 1 3 0 0 1 1 0 0 1 1 0 0 1 1 1 0 0 1 2
2 2 2 2 2 1 0 0 0 3 1 1 0 0 3 1 1 3 0 1 1 3 0 0 1 1 3 0 1 1 3 0 0 1 1 0 3 1 1 3 0 0 1 1 0 0 1 1 0 0 1 1 1 0 0 1 2
2 2 2 2 2 1 0 0 101 102 1 1 0 91 0 1 1 81 82 1 1 0 71 0 1 1 61 62 1 1 0 51 0 1 1 41 42 1 1 0 31 0 1 1 21 22 1 1 11 12 1 1 1 0 0 1 2
2 2 2 2 2 1 0 0 103 104 3 3 0 92 0 3 3 83 84 3 3 0 72 0 3 3 63 64 3 3 0 52 0 3 3 43 44 3 3 0 32 0 3 3 23 24 3 3 13 14 1 1 1 0 0 1 2
2 2 2 2 2 1 0 0 0 0 0 0 0 0 0 0 0 0 0 0 0 0 0 0 0 0 0 0 0 0 0 0 0 0 0 0 0 0 0 0 0 0 0 0 0 0 0 0 0 0 1 1 1 0 0 1 2
2 2 2 2 2 1 0 0 0 0 0 0 0 0 0 0 0 0 0 0 0 0 0 3 3 0 3 3 3 3 0 0 3 3 0 0 3 3 3 0 0 0 0 0 0 0 0 0 0 0 0 0 0 0 0 1 2
2 2 2 2 2 2 0 0 0 0 3 3 0 0 0 3 3 0 0 3 3 0 0 3 3 0 3 3 3 3 0 0 3 3 0 0 3 3 3 0 0 0 3 3 0 0 3 3 0 3 3 3 2 0 0 1 2
2 2 2 2 2 1 0 0 0 0 0 0 0 0 0 0 0 0 0 3 3 0 0 0 0 0 0 0 0 0 0 0 0 0 0 0 0 0 0 0 0 0 3 3 0 0 3 3 0 3 3 3 0 0 0 1 2
2 2 2 2 2 1 0 0 0 0 3 3 0 0 0 0 0 0 0 0 0 0 0 0 0 0 0 0 0 0 0 0 0 0 0 0 0 0 0 0 0 0 0 0 0 0 0 0 0 0 0 0 0 0 0 1 2
2 2 2 2 2 1 0 0 0 0 1 1 0 0 3 3 0 0 3 3 0 0 0 0 0 0 0 0 0 0 0 0 1 1 1 1 1 1 1 1 0 0 0 0 0 0 0 0 0 0 0 0 0 0 0 1 2
2 2 2 2 2 1 0 0 0 0 1 1 0 0 1 1 0 0 1 1 0 0 0 1 1 1 1 1 1 0 0 0 1 2 2 2 2 2 2 1 0 0 0 1 1 1 1 1 1 1 1 1 0 0 0 1 2
2 2 2 2 2 1 1 0 0 0 1 1 0 0 1 1 0 0 1 1 0 0 0 1 2 2 2 2 1 0 0 0 1 2 2 2 2 2 2 1 0 0 0 1 1 1 1 1 1 1 1 1 0 0 0 1 2
2 2 2 2 2 2 1 0 0 0 1 1 0 0 1 1 0 0 1 1 0 0 0 1 2 2 2 2 1 0 0 0 1 2 2 2 2 2 2 1 0 0 0 0 0 0 0 0 0 0 0 0 0 0 0 1 2
2 2 2 2 2 2 1 0 0 0 1 1 0 0 1 1 0 0 1 1 0 0 0 1 2 2 2 2 1 0 0 0 1 2 2 2 2 2 2 1 0 0 0 0 0 0 0 0 0 0 0 0 0 0 0 1 2
2 2 2 2 2 2 1 0 0 0 1 1 0 0 1 1 0 0 1 1 0 0 0 1 2 2 2 2 1 0 0 0 1 2 2 2 2 2 2 1 0 0 0 0 1 2 1 1 1 1 1 1 1 0 0 1 2
2 2 2 2 2 2 2 2 0 0 1 1 0 0 1 1 0 0 1 1 0 0 0 1 1 1 1 1 1 0 0 0 1 1 1 1 1 1 1 1 0 0 0 0 1 0 1 1 1 1 1 1 1 0 0 1 2
2 2 2 2 1 1 2 2 0 0 3 3 0 0 3 3 0 0 3 3 0 0 0 0 0 0 0 0 0 0 0 0 0 0 0 0 0 0 0 0 0 0 0 0 0 0 0 0 0 0 0 0 0 0 0 1 2
2 2 1 1 0 0 0 0 0 0 0 0 0 0 0 0 0 0 0 0 0 0 0 0 0 0 0 0 0 0 0 0 0 0 3 3 0 0 0 0 0 0 0 1 1 1 1 1 1 1 1 1 0 0 0 1 2
2 1 0 0 0 0 0 0 0 0 0 0 0 0 1 1 0 1 1 1 0 0 0 0 0 0 0 0 0 0 0 1 1 1 1 1 1 1 1 0 0 0 0 1 1 1 1 1 1 1 1 1 0 0 0 1 2
2 2 1 0 0 0 1 1 1 1 1 1 0 0 1 1 0 1 2 1 0 0 0 0 0 0 0 0 0 0 0 1 1 1 1 1 1 1 1 0 0 0 0 0 0 0 0 0 0 0 0 0 0 0 0 1 2
2 2 1 0 0 0 1 1 1 1 1 1 0 2 1 1 0 1 2 1 0 0 0 1 1 1 1 1 1 0 0 0 0 0 3 3 0 0 0 0 0 0 0 0 0 0 0 0 0 0 0 0 0 0 0 1 2
2 2 1 0 0 0 0 0 0 0 0 0 0 2 1 1 0 1 2 1 0 0 0 1 2 2 2 2 1 0 0 0 0 0 0 0 0 0 0 0 0 0 0 0 0 0 0 0 0 0 0 0 0 0 0 1 2
2 2 1 0 0 0 0 0 0 0 0 0 0 0 1 1 0 1 2 1 0 0 0 1 2 2 2 2 1 0 0 0 1 1 1 1 1 1 1 1 0 0 0 1 1 1 1 1 1 1 1 1 0 0 0 1 2
2 2 1 0 0 1 1 1 1 1 1 1 0 0 1 1 0 1 1 1 0 0 0 1 2 2 2 2 1 0 0 0 1 2 2 2 2 2 2 1 0 0 0 1 2 2 2 2 2 2 2 1 0 0 0 1 2
2 2 1 0 0 1 1 1 1 1 1 1 0 0 1 1 0 0 0 0 0 0 0 1 2 2 2 2 1 0 0 0 1 1 1 1 1 1 1 1 0 0 0 1 1 1 1 1 1 1 1 1 0 0 0 1 2
2 2 1 0 0 0 0 0 0 0 0 0 0 0 0 0 0 0 1 1 0 0 0 1 1 1 1 1 1 0 0 0 0 0 0 0 0 0 0 0 0 0 0 0 0 0 0 0 0 0 0 1 0 0 0 1 2
2 2 1 0 0 1 1 1 1 1 1 0 0 0 0 0 0 0 1 1 0 0 0 0 0 0 0 0 0 0 0 0 0 0 0 0 0 0 0 0 0 0 0 0 0 0 0 0 0 0 0 0 0 0 0 1 2
2 2 2 1 0 1 1 1 1 1 1 0 0 0 1 1 0 0 0 0 0 0 0 0 0 0 0 0 0 0 0 0 0 0 0 0 0 0 0 0 0 0 0 0 0 0 0 0 0 0 0 0 0 0 0 1 2
2 2 2 1 0 0 0 0 0 0 0 0 0 0 1 1 0 0 1 1 1 1 1 1 1 0 0 0 0 0 0 0 0 0 0 0 0 0 0 0 0 0 0 0 0 0 0 0 0 0 0 0 0 0 0 2 2
2 2 2 1 0 0 0 0 0 0 0 0 0 0 2 2 0 0 1 2 2 2 2 2 0 2 2 0 1 1 0 1 1 0 1 1 0 1 1 1 0 0 0 1 2 0 1 1 0 1 1 0 2 2 2 2 2
2 2 2 1 0 1 1 1 1 1 1 0 0 0 0 0 0 0 1 2 2 2 2 2 0 2 2 0 1 1 0 1 1 0 1 1 0 1 2 1 0 0 0 1 2 0 1 1 0 1 1 0 2 2 2 2 2
2 2 2 1 0 1 1 1 1 1 1 0 0 0 0 0 0 0 1 2 2 2 2 2 0 2 2 0 1 1 0 1 1 0 1 1 0 1 2 1 0 0 0 1 2 0 1 1 0 1 1 0 2 2 2 2 2
2 2 2 1 0 0 0 0 0 0 0 0 1 1 1 1 1 0 1 2 2 2 2 2 0 2 2 0 2 2 0 2 2 0 2 2 0 2 2 1 0 0 0 1 2 0 2 2 0 2 2 0 2 2 2 2 2
2 2 2 2 1 0 0 0 0 1 1 1 2 2 2 2 1 0 1 2 2 2 2 2 0 2 2 0 2 2 0 2 2 0 2 2 0 2 2 1 0 0 0 1 2 0 2 2 0 2 2 0 2 2 2 2 2
2 2 2 2 1 0 0 1 1 2 2 2 2 2 2 2 2 2 2 2 2 2 2 2 0 2 2 0 2 2 0 2 2 0 2 2 0 2 2 1 0 0 0 1 2 0 2 2 0 2 2 0 2 2 2 2 2
2 2 2 2 2 2 1 2 2 2 2 2 2 2 2 2 2 2 2 2 2 2 2 2 2 2 2 2 2 2 2 2 2 2 2 2 2 2 2 2 2 2 2 2 2 2 2 2 2 2 2 2 2 2 2 2 2
2 2 2 2 2 2 2 2 2 2 2 2 2 2 2 2 2 2 2 2 2 2 2 2 2 2 2 2 2 2 2 2 2 2 2 2 2 2 2 2 2 2 2 2 2 2 2 2 2 2 2 2 2 2 2 2 2